wavelength [micron], flux [Jy]
4.900000000000001243e+00,2.325870765209459901e+00
4.909804003195844757e+00,2.325036047335885758e+00
4.919627622407744205e+00,2.324144483605397493e+00
4.929470896883754172e+00,2.323258483185594248e+00
4.939333865950461977e+00,2.322573039385352534e+00
4.949216569013140443e+00,2.321818376814206442e+00
4.959119045555901550e+00,2.321749501415363515e+00
4.969041335141860749e+00,2.319729127865649332e+00
4.978983477413293279e+00,2.319047628752394896e+00
4.988945512091786050e+00,2.317995868437779716e+00
4.998927478978406391e+00,2.317224897013633544e+00
5.008929417953855712e+00,2.316281183758300166e+00
5.018951368978626704e+00,2.317322267193834495e+00
5.028993372093167658e+00,2.315243634516541693e+00
5.039055467418042333e+00,2.313723913521501974e+00
5.049137695154083616e+00,2.312911224129342358e+00
5.059240095582562269e+00,2.312059387712113612e+00
5.069362709065345918e+00,2.311180909319867194e+00
5.079505576045054482e+00,2.311462152055482999e+00
5.089668737045228042e+00,2.309957223373945823e+00
5.099852232670490260e+00,2.308841694465584737e+00
5.110056103606702038e+00,2.308313011546520688e+00
5.120280390621130273e+00,2.307086347024213779e+00
5.130525134562614831e+00,2.306285329878724699e+00
5.140790376361719538e+00,2.306049065748484672e+00
5.151076157030905378e+00,2.307080743511411125e+00
5.161382517664696579e+00,2.303814685463504208e+00
5.171709499439830715e+00,2.303234135619827594e+00
5.182057143615439898e+00,2.302118218057759957e+00
5.192425491533207094e+00,2.301274983937901197e+00
5.202814584617527771e+00,2.302816780525562379e+00
5.213224464375685763e+00,2.302331960454679471e+00
5.223655172398012247e+00,2.299144917454303716e+00
5.234106750358048288e+00,2.299069421585564488e+00
5.244579240012721577e+00,2.297989311081466646e+00
5.255072683202507200e+00,2.296895358404901000e+00
5.265587121851590169e+00,2.295936511644448341e+00
5.276122597968044836e+00,2.296465654976187487e+00
5.286679153643993878e+00,2.295300006291618455e+00
5.297256831055775272e+00,2.293990534650597546e+00
5.307855672464118157e+00,2.293067890018998245e+00
5.318475720214306257e+00,2.292495394122951780e+00
5.329117016736346635e+00,2.290938775425145124e+00
5.339779604545144664e+00,2.290696566032141224e+00
5.350463526240669232e+00,2.294384465155407948e+00
5.361168824508120601e+00,2.290070851304188082e+00
5.371895542118108935e+00,2.289149499425722656e+00
5.382643721926816838e+00,2.287776684439951413e+00
5.393413406876176097e+00,2.286347735283075000e+00
5.404204639994039105e+00,2.286294325577471476e+00
5.415017464394344060e+00,2.288112358478046726e+00
5.425851923277297928e+00,2.290716434461375517e+00
5.436708059929541648e+00,2.283682523323261826e+00
5.447585917724321547e+00,2.283632705501970506e+00
5.458485540121668755e+00,2.284541670152715032e+00
5.469406970668572399e+00,2.283434109976627546e+00
5.480350252999145688e+00,2.284712397460932909e+00
5.491315430834807998e+00,2.280120237967588004e+00
5.502302547984460723e+00,2.280958203707740495e+00
5.513311648344653371e+00,2.279480418417549004e+00
5.524342775899766522e+00,2.279493830337298910e+00
5.535395974722187695e+00,2.278185335008873214e+00
5.546471288972481872e+00,2.281225777826282108e+00
5.557568762899571801e+00,2.277699284969811000e+00
5.568688440840918297e+00,2.278384364700472009e+00
5.579830367222686327e+00,2.280111054929920833e+00
5.590994586559935087e+00,2.273812059009528763e+00
5.602181143456789414e+00,2.276526295873546157e+00
5.613390082606615650e+00,2.275885890982880966e+00
5.624621448792206380e+00,2.272611350669344610e+00
5.635875286885957181e+00,2.274769154440317465e+00
5.647151641850040704e+00,2.272713330462223791e+00
5.658450558736594083e+00,2.274979899774652647e+00
5.669772082687897452e+00,2.269447171155150045e+00
5.681116258936546259e+00,2.270416455257829202e+00
5.692483132805643109e+00,2.269856014061327976e+00
5.703872749708974510e+00,2.269429661549994481e+00
5.715285155151185847e+00,2.275107842199031616e+00
5.726720394727974117e+00,2.270345239604935728e+00
5.738178514126264673e+00,2.268283855573031360e+00
5.749659559124390640e+00,2.268299392764438593e+00
5.761163575592282982e+00,2.269363425007961954e+00
5.772690609491649028e+00,2.267191817791252006e+00
5.784240706876153659e+00,2.266044401153859855e+00
5.795813913891612046e+00,2.261508449006845556e+00
5.807410276776166391e+00,2.261792260634070129e+00
5.819029841860470675e+00,2.268198439570979108e+00
5.830672655567881613e+00,2.265882930617765467e+00
5.842338764414639840e+00,2.260822580498641265e+00
5.854028215010052882e+00,2.260058813995885707e+00
5.865741054056689663e+00,2.262971041591820498e+00
5.877477328350561692e+00,2.269878629313708540e+00
5.889237084781306031e+00,2.259361860096454677e+00
5.901020370332383358e+00,2.261607780521125655e+00
5.912827232081258266e+00,2.256209300355367819e+00
5.924657717199584894e+00,2.256979893277311078e+00
5.936511872953404101e+00,2.263894958600249918e+00
5.948389746703322878e+00,2.258206789552225313e+00
5.960291385904711525e+00,2.251688328557304608e+00
5.972216838107891057e+00,2.258263768254997750e+00
5.984166150958316166e+00,2.258624202569075923e+00
5.996139372196776840e+00,2.254665441404405168e+00
6.008136549659583103e+00,2.252207165019356694e+00
6.020157731278752422e+00,2.250337723056393457e+00
6.032202965082209545e+00,2.249444987643111737e+00
6.044272299193975684e+00,2.259315357942400126e+00
6.056365781834353257e+00,2.252323238647011117e+00
6.068483461320129280e+00,2.254077988360488227e+00
6.080625386064765436e+00,2.248800124703158598e+00
6.092791604578583708e+00,2.246801628663515071e+00
6.104982165468971544e+00,2.248792603682610469e+00
6.117197117440571041e+00,2.252285707507834189e+00
6.129436509295467239e+00,2.243229615503103958e+00
6.141700389933397730e+00,2.245932561236763991e+00
6.153988808351934736e+00,2.246776339307228199e+00
6.166301813646683172e+00,2.244726606619731779e+00
6.178639455011485815e+00,2.243617666746342554e+00
6.191001781738609822e+00,2.242983267006456227e+00
6.203388843218944793e+00,2.240494012943682112e+00
6.215800688942206165e+00,2.242688298297490501e+00
6.228237368497130610e+00,2.239789821026256789e+00
6.240698931571665220e+00,2.241472755052045240e+00
6.253185427953181552e+00,2.237877704355442532e+00
6.265696907528663928e+00,2.239772736465021286e+00
6.278233420284909272e+00,2.237676178826681461e+00
6.290795016308731391e+00,2.237354382775645689e+00
6.303381745787159041e+00,2.235857964454543101e+00
6.315993659007633099e+00,2.235926534536630594e+00
6.328630806358213512e+00,2.234809804513800735e+00
6.341293238327776471e+00,2.240630124343710783e+00
6.353981005506215141e+00,2.234007920555666882e+00
6.366694158584646601e+00,2.239358730080476700e+00
6.379432748355613469e+00,2.234805565735698885e+00
6.392196825713276631e+00,2.235710376477229033e+00
6.404986441653634621e+00,2.240048895270845719e+00
6.417801647274719912e+00,2.248293971956476067e+00
6.430642493776796975e+00,2.236756698570259161e+00
6.443509032462575448e+00,2.232144132801376468e+00
6.456401314737417074e+00,2.235526988748539168e+00
6.469319392109526667e+00,2.239481979192003092e+00
6.482263316190175040e+00,2.242454170601184238e+00
6.495233138693897068e+00,2.243787826840873745e+00
6.508228911438694197e+00,2.231322267249211677e+00
6.521250686346251157e+00,2.237359198546275074e+00
6.534298515442138466e+00,2.230915846682147929e+00
6.547372450856014936e+00,2.234895431234499075e+00
6.560472544821846164e+00,2.237316586720381917e+00
6.573598849678108813e+00,2.246042579995658706e+00
6.586751417867994896e+00,2.237327631065242350e+00
6.599930301939629373e+00,2.235039932552777664e+00
6.613135554546277106e+00,2.237109188989564679e+00
6.626367228446546243e+00,2.252569713629776427e+00
6.639625376504612930e+00,2.242937348403355013e+00
6.652910051690422044e+00,2.226648429442299015e+00
6.666221307079899461e+00,2.231612746556340454e+00
6.679559195855167886e+00,2.228988783741002067e+00
6.692923771304760017e+00,2.221536485875703182e+00
6.706315086823823712e+00,2.232179606640019465e+00
6.719733195914345814e+00,2.230947192246701238e+00
6.733178152185359977e+00,2.223073790446818077e+00
6.746650009353158062e+00,2.223983692565166592e+00
6.760148821241513062e+00,2.219792210511774222e+00
6.773674641781889605e+00,2.227714796678041953e+00
6.787227525013651785e+00,2.230990800259762707e+00
6.800807525084295868e+00,2.220832489229890516e+00
6.814414696249653680e+00,2.218798022684014271e+00
6.828049092874110215e+00,2.223524058613383758e+00
6.841710769430828343e+00,2.217526225182271826e+00
6.855399780501961082e+00,2.230269145070993275e+00
6.869116180778864766e+00,2.236381969487321708e+00
6.882860025062329967e+00,2.219699312429993743e+00
6.896631368262792883e+00,2.214959307455340642e+00
6.910430265400549388e+00,2.220033384630095696e+00
6.924256771605986849e+00,2.215703717516772198e+00
6.938110942119799063e+00,2.215009597759468374e+00
6.951992832293199420e+00,2.219704828828234167e+00
6.965902497588156272e+00,2.228142392766569113e+00
6.979839993577605206e+00,2.217642333115300790e+00
6.993805375945669311e+00,2.218468923903496481e+00
7.007798700487890109e+00,2.213885545016435419e+00
7.021820023111446041e+00,2.219987750913821500e+00
7.035869399835370075e+00,2.212590167267274754e+00
7.049946886790783296e+00,2.233769276473328791e+00
7.064052540221117837e+00,2.214175963046431939e+00
7.078186416482329157e+00,2.214541688962360144e+00
7.092348572043140287e+00,2.212828194550757299e+00
7.106539063485254104e+00,2.210943758929347691e+00
7.120757947503580709e+00,2.215966232919411194e+00
7.135005280906470126e+00,2.209926173319346265e+00
7.149281120615935237e+00,2.222671355731991039e+00
7.163585523667874710e+00,2.219717285896051884e+00
7.177918547212311928e+00,2.212058435675752222e+00
7.192280248513615248e+00,2.210849410712616869e+00
7.206670684950724493e+00,2.221867970843023787e+00
7.221089914017388089e+00,2.208190015127797334e+00
7.235537993322390449e+00,2.208705234642564630e+00
7.250014980589774893e+00,2.214501057705345222e+00
7.264520933659085244e+00,2.209257343402148965e+00
7.279055910485591419e+00,2.214140842677343457e+00
7.293619969140515025e+00,2.208757667681259917e+00
7.308213167811275390e+00,2.209910098045002158e+00
7.322835564801712493e+00,2.205847029647444835e+00
7.337487218532315225e+00,2.219440722156103440e+00
7.352168187540470079e+00,2.211283829131304834e+00
7.366878530480681420e+00,2.208088335241669586e+00
7.381618306124809514e+00,2.207989783604793477e+00
7.396387573362309453e+00,2.205515889478479874e+00
7.411186391200462964e+00,2.206269626911105952e+00
7.426014818764611114e+00,2.205053230699707267e+00
7.440872915298397672e+00,2.204961964970968857e+00
7.455760740164002698e+00,2.212616908846624320e+00
7.470678352842373471e+00,2.216274856116447367e+00
7.485625812933474954e+00,2.209690095204444038e+00
7.500603180156514505e+00,2.203831030090517284e+00
7.515610514350190563e+00,2.204721195957540569e+00
7.530647875472928909e+00,2.204381977070992260e+00
7.545715323603114477e+00,2.204485524089792481e+00
7.560812918939346261e+00,2.205396520290442197e+00
7.575940721800666466e+00,2.211120069256625964e+00
7.591098792626801206e+00,2.209214706993066102e+00
7.606287191978409190e+00,2.209915598523520597e+00
7.621505980537322422e+00,2.209513599471692125e+00
7.636755219106778014e+00,2.206794039323885404e+00
7.652034968611675758e+00,2.206846863472144094e+00
7.667345290098816157e+00,2.206429937608419323e+00
7.682686244737136683e+00,2.206754836720739021e+00
7.698057893817967567e+00,2.207361747586876088e+00
7.713460298755271616e+00,2.210618843853390025e+00
7.728893521085886675e+00,2.208941373274313058e+00
7.744357622469779656e+00,2.211988755010636964e+00
7.759852664690280122e+00,2.214901620007803551e+00
7.775378709654341414e+00,2.211706273825625679e+00
7.790935819392782236e+00,2.212175302403919908e+00
7.806524056060525574e+00,2.214672896098244692e+00
7.822143481936862486e+00,2.214058173647351246e+00
7.837794159425692797e+00,2.215300201488141330e+00
7.853476151055769350e+00,2.217663568869820523e+00
7.869189519480960904e+00,2.220995945323869680e+00
7.884934327480491945e+00,2.220962151778255844e+00
7.900710637959194038e+00,2.223054581558340015e+00
7.916518513947763402e+00,2.223138481718121451e+00
7.932358018603010485e+00,2.226566237064409925e+00
7.948229215208105103e+00,2.227136863305064107e+00
7.964132167172840226e+00,2.228406549784454072e+00
7.980066938033880675e+00,2.230130837019074885e+00
7.996033591455009137e+00,2.231920271430460012e+00
8.012032191227397959e+00,2.234007214369977401e+00
8.028062801269848947e+00,2.235577966894664481e+00
8.044125485629049166e+00,2.237834047849262653e+00
8.060220308479840057e+00,2.238730172455293044e+00
8.076347334125463462e+00,2.240390498474730041e+00
8.092506626997813868e+00,2.241630518332724975e+00
8.108698251657706635e+00,2.243194666201152820e+00
8.124922272795133793e+00,2.244646098254902800e+00
8.141178755229516284e+00,2.246212432643055923e+00
8.157467763909966862e+00,2.248978514970255915e+00
8.173789363915552997e+00,2.248469040614417658e+00
8.190143620455550888e+00,2.249544735893931779e+00
8.206530598869706594e+00,2.250581019601164190e+00
8.222950364628507813e+00,2.251425391054072467e+00
8.239402983333421915e+00,2.253022030006702536e+00
8.255888520717187262e+00,2.254483548123396464e+00
8.272407042644054798e+00,2.254413170254928822e+00
8.288958615110056272e+00,2.255683991640949237e+00
8.305543304243272473e+00,2.257278828963624306e+00
8.322161176304094354e+00,2.258617362899717929e+00
8.338812297685485930e+00,2.259865775736295657e+00
8.355496734913250734e+00,2.260625899764172608e+00
8.372214554646305373e+00,2.261856331429073386e+00
8.388965823676926448e+00,2.262960068443245820e+00
8.405750608931040091e+00,2.263967909544847057e+00
8.422568977468475993e+00,2.265853643037513798e+00
8.439420996483235626e+00,2.266374801455883770e+00
8.456306733303764034e+00,2.267589294966581903e+00
8.473226255393225159e+00,2.268980907316041851e+00
8.490179630349752316e+00,2.270360801378363380e+00
8.507166925906739507e+00,2.272345885889916151e+00
8.524188209933102556e+00,2.273108130187533327e+00
8.541243550433543774e+00,2.274014606100536184e+00
8.558333015548836187e+00,2.275242835400828501e+00
8.575456673556091758e+00,2.276876556404634933e+00
8.592614592869022516e+00,2.278278678018874182e+00
8.609806842038235430e+00,2.279772617366757181e+00
8.627033489751491757e+00,2.281275811181281199e+00
8.644294604833977047e+00,2.283089275413434649e+00
8.661590256248590691e+00,2.285011679072955992e+00
8.678920513096215927e+00,2.287680450599062443e+00
8.696285444615986293e+00,2.290378710627031023e+00
8.713685120185575173e+00,2.292253085451310568e+00
8.731119609321471131e+00,2.293902609781754087e+00
8.748588981679242593e+00,2.296206446959432323e+00
8.766093307053836270e+00,2.299153039991078895e+00
8.783632655379843612e+00,2.302790036801090956e+00
8.801207096731774371e+00,2.307599631841914967e+00
8.818816701324355023e+00,2.310885273084033464e+00
8.836461539512795227e+00,2.313592146447112086e+00
8.854141681793068486e+00,2.316121403787286148e+00
8.871857198802201694e+00,2.318107338979956911e+00
8.889608161318557578e+00,2.320243861840493693e+00
8.907394640262101149e+00,2.323033110240819266e+00
8.925216706694708790e+00,2.326030173793221412e+00
8.943074431820432935e+00,2.328942100488818223e+00
8.960967886985788056e+00,2.331995732832040868e+00
8.978897143680045545e+00,2.334915338826385689e+00
8.996862273535516152e+00,2.337921679583111700e+00
9.014863348327823545e+00,2.340281679619599764e+00
9.032900439976211615e+00,2.342994797582788280e+00
9.050973620543819820e+00,2.345333205929235554e+00
9.069082962237965617e+00,2.348070574667823429e+00
9.087228537410446449e+00,2.350803957160588098e+00
9.105410418557823959e+00,2.353250817579179532e+00
9.123628678321702878e+00,2.355959575436087583e+00
9.141883389489041889e+00,2.358733975845477726e+00
9.160174624992428960e+00,2.361725188469709469e+00
9.178502457910370893e+00,2.364332915203070762e+00
9.196866961467598856e+00,2.366955733938890027e+00
9.215268209035352598e+00,2.369396841236159457e+00
9.233706274131666447e+00,2.371465804090333584e+00
9.252181230421681946e+00,2.373037156023061200e+00
9.270693151717924962e+00,2.374401359480911466e+00
9.289242111980605898e+00,2.375387608235165260e+00
9.307828185317916336e+00,2.376407685836733563e+00
9.326451445986332800e+00,2.377188753739864602e+00
9.345111968390890311e+00,2.377973976081172669e+00
9.363809827085507465e+00,2.378631241191605294e+00
9.382545096773268867e+00,2.379530076007503769e+00
9.401317852306721790e+00,2.379847960923933137e+00
9.420128168688183479e+00,2.380384091712866912e+00
9.438976121070037806e+00,2.380996652052018714e+00
9.457861784755031920e+00,2.381438012244320390e+00
9.476785235196580004e+00,2.382333787658859947e+00
9.495746547999070586e+00,2.383252017548445068e+00
9.514745798918154307e+00,2.384855428372773201e+00
9.533783063861060114e+00,2.386569635814642432e+00
9.552858418886895464e+00,2.388004866329181741e+00
9.571971940206937646e+00,2.389362387844108593e+00
9.591123704184962406e+00,2.389902424114207058e+00
9.610313787337528169e+00,2.389996095124044651e+00
9.629542266334288669e+00,2.389540812920366797e+00
9.648809217998300269e+00,2.388722124136736014e+00
9.668114719306331040e+00,2.388081887751714927e+00
9.687458847389160965e+00,2.387650997747847725e+00
9.706841679531898137e+00,2.387588241550728352e+00
9.726263293174284286e+00,2.387967083657421163e+00
9.745723765911000314e+00,2.388355068257933755e+00
9.765223175491980712e+00,2.388779334167189461e+00
9.784761599822727973e+00,2.389244248240833812e+00
9.804339116964612799e+00,2.389820316374090314e+00
9.823955805135195618e+00,2.390427994151230529e+00
9.843611742708541001e+00,2.390752902823065185e+00
9.863307008215514315e+00,2.391164683429995552e+00
9.883041680344112123e+00,2.390071139614241336e+00
9.902815837939778376e+00,2.388983794838201558e+00
9.922629560005702842e+00,2.386200421788075676e+00
9.942482925703142627e+00,2.383390731659302819e+00
9.962376014351761455e+00,2.380866206333524637e+00
9.982308905429908563e+00,2.378359507771054204e+00
1.000228167857495443e+01,2.377174186127659627e+00
1.002229441358362649e+01,2.376241857361743648e+00
1.004234719041229518e+01,2.376567545519657987e+00
1.006244008917730781e+01,2.377372116816974135e+00
1.008257319015532794e+01,2.379173704288700897e+00
1.010274657378361773e+01,2.381582061487121482e+00
1.012296032066038620e+01,2.384227993974485482e+00
1.014321451154511600e+01,2.387096567144848525e+00
1.016350922735885653e+01,2.388681974709136568e+00
1.018384454918457216e+01,2.388775769184596331e+00
1.020422055826746899e+01,2.388346372831539277e+00
1.022463733601529867e+01,2.387080333171426094e+00
1.024509496399869235e+01,2.386015614677469809e+00
1.026559352395150349e+01,2.385398078191133919e+00
1.028613309777110985e+01,2.385058238426580157e+00
1.030671376751874568e+01,2.385746287905855301e+00
1.032733561541984990e+01,2.386587113232387480e+00
1.034799872386436981e+01,2.388491838188353977e+00
1.036870317540709330e+01,2.390334822191186870e+00
1.038944905276800412e+01,2.391683543837894721e+00
1.041023643883257677e+01,2.393085946669839092e+00
1.043106541665212639e+01,2.393714582549545611e+00
1.045193606944415343e+01,2.394209768008953798e+00
1.047284848059264206e+01,2.395168610527754982e+00
1.049380273364841898e+01,2.396191601957169404e+00
1.051479891232949271e+01,2.397317257721226280e+00
1.053583710052135913e+01,2.398614682439837775e+00
1.055691738227735854e+01,2.399819375149046419e+00
1.057803984181901491e+01,2.401108882465166072e+00
1.059920456353635743e+01,2.402344762221984897e+00
1.062041163198825977e+01,2.403633432607433562e+00
1.064166113190278651e+01,2.404787284153942384e+00
1.066295314817753770e+01,2.405889341881855437e+00
1.068428776587995621e+01,2.407000406128797287e+00
1.070566507024771497e+01,2.408180776238539433e+00
1.072708514668901181e+01,2.409214009586595928e+00
1.074854808078293900e+01,2.409941403064237875e+00
1.077005395827981005e+01,2.410424145736399737e+00
1.079160286510152567e+01,2.410045110387637024e+00
1.081319488734187573e+01,2.409647263231418091e+00
1.083483011126693718e+01,2.408961508728759693e+00
1.085650862331536537e+01,2.408159517691028650e+00
1.087823051009877595e+01,2.406869264030745637e+00
1.089999585840206464e+01,2.405599324854480248e+00
1.092180475518379446e+01,2.403933414399760160e+00
1.094365728757648704e+01,2.402324003681637343e+00
1.096555354288702588e+01,2.402315562553690942e+00
1.098749360859695834e+01,2.402565353218023780e+00
1.100947757236288105e+01,2.403722214142835156e+00
1.103150552201675971e+01,2.405064888536594836e+00
1.105357754556631811e+01,2.405788080067860157e+00
1.107569373119534362e+01,2.406694634829486201e+00
1.109785416726408691e+01,2.407020666762585748e+00
1.112005894230957281e+01,2.407086183490317666e+00
1.114230814504597866e+01,2.406779560993084210e+00
1.116460186436497892e+01,2.406156217698107280e+00
1.118694018933611645e+01,2.405316115721680248e+00
1.120932320920712755e+01,2.404274112782982975e+00
1.123175101340433635e+01,2.403518894809225426e+00
1.125422369153298163e+01,2.403168516120662179e+00
1.127674133337758278e+01,2.403017743937707174e+00
1.129930402890230212e+01,2.403504068291892448e+00
1.132191186825131979e+01,2.404285536811582080e+00
1.134456494174915342e+01,2.405080681590404001e+00
1.136726333990106852e+01,2.405856724103647704e+00
1.139000715339339642e+01,2.405962261634606136e+00
1.141279647309391976e+01,2.405841484675899089e+00
1.143563139005222951e+01,2.405220704070934357e+00
1.145851199550010335e+01,2.404589660188251266e+00
1.148143838085183432e+01,2.402878873370474899e+00
1.150441063770464467e+01,2.401019442438899976e+00
1.152742885783900739e+01,2.397741257790318770e+00
1.155049313321903348e+01,2.394526844039308155e+00
1.157360355599283785e+01,2.390741788669767942e+00
1.159676021849291949e+01,2.387071248702962833e+00
1.161996321323649717e+01,2.383636259307866823e+00
1.164321263292591979e+01,2.380363968743784309e+00
1.166650857044900391e+01,2.377429565289344016e+00
1.168985111887942097e+01,2.375243761637160222e+00
1.171324037147705788e+01,2.373767381935938836e+00
1.173667642168841674e+01,2.372563515205071472e+00
1.176015936314694876e+01,2.370883505658531121e+00
1.178368928967346818e+01,2.369780866167909839e+00
1.180726629527648974e+01,2.369186569233671324e+00
1.183089047415263018e+01,2.369301751345910478e+00
1.185456192068696879e+01,2.369263379232178224e+00
1.187828072945345070e+01,2.369095965547983962e+00
1.190204699521522080e+01,2.368922699343554150e+00
1.192586081292505540e+01,2.367418748627049929e+00
1.194972227772569262e+01,2.365905617941520767e+00
1.197363148495024099e+01,2.363027074606871114e+00
1.199758853012254711e+01,2.359862208028384423e+00
1.202159350895759893e+01,2.356534948401947105e+00
1.204564651736187386e+01,2.353194748507145828e+00
1.206974765143375983e+01,2.350407754822688933e+00
1.209389700746390162e+01,2.347546373612741544e+00
1.211809468193561656e+01,2.344968665755394088e+00
1.214234077152525337e+01,2.342557974569899226e+00
1.216663537310261667e+01,2.341021288240862308e+00
1.219097858373130094e+01,2.339668076355834181e+00
1.221537050066913288e+01,2.338515021422902684e+00
1.223981122136851951e+01,2.337479276202849565e+00
1.226430084347685501e+01,2.337030625560724051e+00
1.228883946483690082e+01,2.337080971969247578e+00
1.231342718348720489e+01,2.336016113770591929e+00
1.233806409766244627e+01,2.334953385189814323e+00
1.236275030579388101e+01,2.334564616664904779e+00
1.238748590650968495e+01,2.334394721624565516e+00
1.241227099863538008e+01,2.333769863732543470e+00
1.243710568119421467e+01,2.333446323030272662e+00
1.246199005340758070e+01,2.332720744899229093e+00
1.248692421469537095e+01,2.331269079420582369e+00
1.251190826467642125e+01,2.332196909630138038e+00
1.253694230316887293e+01,2.330467536577206289e+00
1.256202643019058662e+01,2.330493552521634815e+00
1.258716074595953494e+01,2.329960531034342974e+00
1.261234535089423048e+01,2.328704780867430379e+00
1.263758034561407406e+01,2.328190030909159880e+00
1.266286583093982010e+01,2.327503793709851276e+00
1.268820190789392122e+01,2.326619521253658895e+00
1.271358867770096701e+01,2.325698474681479055e+00
1.273902624178807130e+01,2.325281195833358794e+00
1.276451470178530379e+01,2.323825702067599863e+00
1.279005415952605595e+01,2.323198909660092681e+00
1.281564471704749053e+01,2.322716539553722814e+00
1.284128647659090916e+01,2.321709921512910668e+00
1.286697954060218763e+01,2.320614558978653097e+00
1.289272401173216842e+01,2.319326515919199139e+00
1.291851999283710128e+01,2.318211384619412563e+00
1.294436758697900736e+01,2.317763538324079331e+00
1.297026689742613748e+01,2.317611448213246828e+00
1.299621802765334699e+01,2.317715600200068060e+00
1.302222108134253453e+01,2.317527660859446392e+00
1.304827616238303456e+01,2.316972624597983366e+00
1.307438337487207036e+01,2.316642862131392810e+00
1.310054282311511464e+01,2.316523531954411297e+00
1.312675461162636559e+01,2.316932398599735432e+00
1.315301884512911279e+01,2.317191056769805080e+00
1.317933562855618668e+01,2.317949253133507970e+00
1.320570506705035996e+01,2.318831279497985065e+00
1.323212726596479882e+01,2.319630698983493833e+00
1.325860233086344131e+01,2.320366187825089632e+00
1.328513036752144139e+01,2.321221651611134806e+00
1.331171148192560416e+01,2.320731630966286207e+00
1.333834578027478202e+01,2.322410763313904170e+00
1.336503336898030625e+01,2.324580595283138873e+00
1.339177435466644184e+01,2.326183030043590616e+00
1.341856884417076579e+01,2.330094741508445200e+00
1.344541694454462011e+01,2.329564405871124233e+00
1.347231876305355591e+01,2.330458136588441587e+00
1.349927440717772420e+01,2.331708738572384032e+00
1.352628398461232173e+01,2.329800564973456112e+00
1.355334760326804577e+01,2.330332992375024670e+00
1.358046537127148312e+01,2.330955952133456854e+00
1.360763739696555952e+01,2.332416140396729620e+00
1.363486378890999973e+01,2.334199922980175756e+00
1.366214465588171123e+01,2.336484952532474235e+00
1.368948010687524786e+01,2.339916953083289286e+00
1.371687025110326275e+01,2.342176126043148621e+00
1.374431519799689738e+01,2.344203379451092140e+00
1.377181505720625054e+01,2.346194789116339052e+00
1.379936993860082950e+01,2.346925578424311265e+00
1.382697995226995147e+01,2.347372342214748553e+00
1.385464520852319836e+01,2.346387537951639235e+00
1.388236581789088397e+01,2.360620146693029664e+00
1.391014189112445543e+01,2.347827157105383922e+00
1.393797353919694615e+01,2.343561435387661707e+00
1.396586087330345549e+01,2.343023655437534991e+00
1.399380400486153597e+01,2.343065772782252143e+00
1.402180304551167112e+01,2.345741403338823083e+00
1.404985810711773375e+01,2.345005104921772165e+00
1.407796930176739814e+01,2.346060416515528324e+00
1.410613674177260357e+01,2.346713184141924202e+00
1.413436053967002515e+01,2.348718306107650200e+00
1.416264080822148586e+01,2.352022610780506895e+00
1.419097766041442732e+01,2.354342369151549264e+00
1.421937120946235389e+01,2.357050473628995668e+00
1.424782156880530870e+01,2.357632261032130305e+00
1.427632885211028047e+01,2.361162103591331718e+00
1.430489317327171506e+01,2.363426111204855129e+00
1.433351464641191519e+01,2.368560568726803872e+00
1.436219338588153072e+01,2.369120191591107094e+00
1.439092950625999912e+01,2.370887043156248097e+00
1.441972312235603049e+01,2.375782733153008142e+00
1.444857434920801964e+01,2.373452209960592363e+00
1.447748330208455947e+01,2.376472008644993750e+00
1.450645009648485129e+01,2.380873324289869863e+00
1.453547484813920043e+01,2.373894930400291869e+00
1.456455767300945503e+01,2.374899120418564991e+00
1.459369868728950870e+01,2.375732783532208181e+00
1.462289800740570200e+01,2.378404966098818019e+00
1.465215575001736070e+01,2.380303145528456898e+00
1.468147203201719542e+01,2.381098009195123932e+00
1.471084697053180967e+01,2.381093339080494697e+00
1.474028068292214577e+01,2.381764743697893483e+00
1.476977328678398749e+01,2.383951947868139687e+00
1.479932489994837574e+01,2.385605947897349477e+00
1.482893564048214152e+01,2.386655991056098269e+00
1.485860562668831975e+01,2.387580858554406937e+00
1.488833497710665732e+01,2.392012383259589203e+00
1.491812381051407144e+01,2.401464711044745126e+00
1.494797224592515228e+01,2.440307129690490573e+00
1.497788040259258402e+01,2.489401199591885216e+00
1.500784840000768838e+01,2.386331036877151313e+00
1.503787635790083854e+01,2.387104888078454668e+00
1.506796439624197781e+01,2.391233331006113794e+00
1.509811263524108149e+01,2.395322855183315891e+00
1.512832119534865960e+01,2.397927096624201670e+00
1.515859019725619738e+01,2.404898615252962113e+00
1.518891976189668824e+01,2.404963999566345656e+00
1.521931001044507070e+01,2.407411961105540232e+00
1.524976106431873646e+01,2.408606644417207399e+00
1.528027304517800644e+01,2.413394643358345082e+00
1.531084607492664063e+01,2.417214690148473455e+00
1.534148027571228212e+01,2.421737358602592760e+00
1.537217576992699186e+01,2.422242002571940223e+00
1.540293268020769801e+01,2.424699960928051290e+00
1.543375112943670757e+01,2.427713235077072707e+00
1.546463124074218420e+01,2.425052713012468164e+00
1.549557313749867582e+01,2.427512254101668265e+00
1.552657694332754268e+01,2.431906152997205695e+00
1.555764278209752760e+01,2.432102964645014076e+00
1.558877077792518051e+01,2.432419453759119499e+00
1.561996105517540023e+01,2.437088264474863486e+00
1.565121373846190700e+01,2.431851024200515354e+00
1.568252895264777180e+01,2.433435205874726837e+00
1.571390682284586404e+01,2.435069948192113198e+00
1.574534747441941462e+01,2.443048676507713513e+00
1.577685103298245650e+01,2.439208073651970121e+00
1.580841762440036113e+01,2.443796500773563363e+00
1.584004737479032876e+01,2.441600163899556364e+00
1.587174041052191775e+01,2.443636336364546136e+00
1.590349685821749759e+01,2.445921729364955777e+00
1.593531684475281907e+01,2.448477527655767538e+00
1.596720049725746549e+01,2.451815752824059391e+00
1.599914794311538735e+01,2.456888044824526052e+00
1.603115930996539973e+01,2.453351322399673684e+00
1.606323472570172584e+01,2.455238693496723190e+00
1.609537431847445177e+01,2.457694413690081792e+00
1.612757821669009672e+01,2.462591724470455823e+00
1.615984654901206952e+01,2.462387543959679626e+00
1.619217944436122991e+01,2.482087161662679620e+00
1.622457703191636824e+01,2.474765851732085409e+00
1.625703944111476318e+01,2.471905658298630293e+00
1.628956680165264714e+01,2.472652156758019970e+00
1.632215924348577829e+01,2.475458617099522307e+00
1.635481689682990591e+01,2.477418929960299110e+00
1.638753989216133178e+01,2.480329579798889128e+00
1.642032836021740394e+01,2.482854396779861528e+00
1.645318243199707808e+01,2.484737866954012109e+00
1.648610223876137937e+01,2.486698539507316674e+00
1.651908791203400284e+01,2.488097792757327120e+00
1.655213958360176463e+01,2.492149402433563310e+00
1.658525738551517392e+01,2.491670576017609218e+00
1.661844145008894102e+01,2.492868098867003113e+00
1.665169190990254222e+01,2.500040917976266375e+00
1.668500889780068164e+01,2.493530477016537183e+00
1.671839254689389165e+01,2.495535355436027558e+00
1.675184299055902315e+01,2.497633371148045622e+00
1.678536036243978913e+01,2.498142366719632079e+00
1.681894479644728335e+01,2.502182775102628209e+00
1.685259642676057368e+01,2.501023934395988135e+00
1.688631538782714614e+01,2.514365296623542800e+00
1.692010181436353378e+01,2.504812840644581318e+00
1.695395584135578915e+01,2.504925502274690796e+00
1.698787760406004921e+01,2.508060361248832582e+00
1.702186723800307533e+01,2.509320320548946714e+00
1.705592487898278975e+01,2.511410010238229962e+00
1.709005066306882981e+01,2.519376128734351905e+00
1.712424472660309149e+01,2.517493377039515146e+00
1.715850720620024816e+01,2.519276183785041034e+00
1.719283823874831185e+01,2.523631773636916709e+00
1.722723796140919816e+01,2.537407238014823818e+00
1.726170651161923786e+01,2.528606458535438861e+00
1.729624402708977371e+01,2.532322561198289357e+00
1.733085064580767209e+01,2.536602682149196486e+00
1.736552650603587722e+01,2.550965735582817917e+00
1.740027174631398310e+01,2.546191056283892973e+00
1.743508650545876648e+01,2.549509500938352158e+00
1.746997092256474815e+01,2.554416654316705948e+00
1.750492513700477204e+01,2.563607271651158204e+00
1.753994928843053103e+01,2.564602101450000671e+00
1.757504351677313181e+01,2.576401016565972313e+00
1.761020796224365270e+01,2.576242537967768254e+00
1.764544276533372269e+01,2.584895868354933235e+00
1.768074806681604727e+01,2.584763858240989531e+00
1.771612400774501950e+01,2.590494950422037146e+00
1.775157072945724579e+01,2.593821595756569121e+00
1.778708837357211792e+01,2.595893015122273439e+00
1.782267708199238143e+01,2.600401327591872924e+00
1.785833699690470056e+01,2.603192945463627783e+00
1.789406826078023016e+01,2.606469042397082436e+00
1.792987101637519487e+01,2.613892557480251178e+00
1.796574540673144682e+01,2.614125803861940600e+00
1.800169157517702345e+01,2.617467191883405153e+00
1.803770966532675146e+01,2.624555484097298219e+00
1.807379982108279037e+01,2.624447570549417907e+00
1.810996218663522228e+01,2.628130963088232352e+00
1.814619690646264161e+01,2.633231558846790943e+00
1.818250412533272353e+01,2.642944949681974798e+00
1.821888398830277112e+01,2.637137933560470326e+00
1.825533664072033346e+01,2.644951953648198462e+00
1.829186222822377417e+01,2.646519850037313937e+00
1.832846089674283974e+01,2.648394546208944433e+00
1.836513279249927777e+01,2.646487993390397975e+00
1.840187806200739473e+01,2.646482363728363207e+00
1.843869685207463505e+01,2.648000716745007033e+00
1.847558930980217795e+01,2.651097823050102331e+00
1.851255558258553080e+01,2.652655940139523771e+00
1.854959581811510105e+01,2.655789549396927018e+00
1.858671016437681089e+01,2.657280113899398888e+00
1.862389876965269053e+01,2.661481529235105281e+00
1.866116178252141822e+01,2.664305337507737015e+00
1.869849935185897749e+01,2.666048154231570599e+00
1.873591162683920786e+01,2.669506088481973016e+00
1.877339875693442295e+01,2.670733932084081719e+00
1.881096089191601806e+01,2.673760226945334662e+00
1.884859818185505276e+01,2.677560226451873859e+00
1.888631077712283002e+01,2.681531481391814520e+00
1.892409882839153212e+01,2.685263086626060947e+00
1.896196248663480688e+01,2.688837019070568157e+00
1.899990190312836091e+01,2.707347764546009117e+00
1.903791722945059917e+01,2.696034773186984701e+00
1.907600861748320753e+01,2.697504781737616764e+00
1.911417621941173195e+01,2.700650684459543704e+00
1.915242018772623567e+01,2.702875587793294176e+00
1.919074067522187477e+01,2.705044925163762937e+00
1.922913783499951990e+01,2.715169780264660382e+00
1.926761182046638510e+01,2.712182450155114388e+00
1.930616278533662111e+01,2.721081378891620162e+00
1.934479088363191934e+01,2.724450951387650477e+00
1.938349626968214068e+01,2.716551729931734993e+00
1.942227909812594078e+01,2.727205431010698344e+00
1.946113952391136337e+01,2.724069727172333977e+00
1.950007770229650106e+01,2.723751985838307021e+00
1.953909378885008152e+01,2.726515434998612264e+00
1.957818793945208213e+01,2.737656464856458527e+00
1.961736031029437655e+01,2.731963645021171505e+00
1.965661105788135288e+01,2.733164821008203127e+00
1.969594033903051766e+01,2.737803592726786750e+00
1.973534831087317443e+01,2.747862787655677597e+00
1.977483513085498501e+01,2.738486137291023859e+00
1.981440095673666235e+01,2.744155628613050180e+00
1.985404594659454247e+01,2.741349487018510001e+00
1.989377025882124883e+01,2.752025548352222462e+00
1.993357405212632116e+01,2.751196396845097869e+00
1.997345748553686562e+01,2.743126183847017341e+00
2.001342071839813741e+01,2.743027657686336607e+00
2.005346391037425491e+01,2.742809721473862705e+00
2.009358722144875742e+01,2.742144754017919794e+00
2.013379081192530506e+01,2.741501523135114304e+00
2.017407484242827564e+01,2.740945723120769006e+00
2.021443947390345386e+01,2.741502934233834843e+00
2.025488486761862106e+01,2.742667114783733595e+00
2.029541118516425868e+01,2.740478041497534267e+00
2.033601858845412380e+01,2.756254389571154650e+00
2.037670723972595610e+01,2.740055723720256964e+00
2.041747730154208185e+01,2.743133393394556752e+00
2.045832893679012798e+01,2.742078595679182662e+00
2.049926230868357635e+01,2.743402085557247627e+00
2.054027758076251331e+01,2.745238679678749349e+00
2.058137491689421594e+01,2.754930638094910123e+00
2.062255448127383417e+01,2.750162713770117673e+00
2.066381643842502669e+01,2.764708030416673790e+00
2.070516095320067507e+01,2.755925413525906364e+00
2.074658819078345573e+01,2.758813716150152029e+00
2.078809831668658248e+01,2.766775160169219649e+00
2.082969149675440690e+01,2.764176112248512229e+00
2.087136789716311114e+01,2.766621650099859941e+00
2.091312768442135805e+01,2.768443673957084794e+00
2.095497102537098755e+01,2.770200910481049217e+00
2.099689808718762407e+01,2.779398629721124170e+00
2.103890903738142626e+01,2.772985525443393939e+00
2.108100404379766957e+01,2.774434305055192063e+00
2.112318327461746748e+01,2.778083828632231800e+00
2.116544689835843229e+01,2.806379149259953021e+00
2.120779508387537149e+01,2.779121760800654872e+00
2.125022800036089876e+01,2.782800160591274441e+00
2.129274581734620142e+01,2.778632675949809450e+00
2.133534870470162659e+01,2.785694687561568905e+00
2.137803683263741661e+01,2.794364441937505106e+00
2.142081037170435920e+01,2.783395071352063432e+00
2.146366949279451930e+01,2.783968672207171036e+00
2.150661436714183949e+01,2.785640565562057525e+00
2.154964516632291449e+01,2.787077597503089699e+00
2.159276206225760220e+01,2.789406760477669334e+00
2.163596522720974491e+01,2.789308955555898528e+00
2.167925483378784790e+01,2.800036536786498331e+00
2.172263105494580770e+01,2.790590630537168604e+00
2.176609406398352320e+01,2.790989448187818134e+00
2.180964403454767719e+01,2.794928650063290387e+00
2.185328114063236171e+01,2.828528745999759675e+00
2.189700555657980274e+01,2.797882184689441498e+00
2.194081745708104947e+01,2.790971446147544999e+00
2.198471701717669902e+01,2.789181387638009824e+00
2.202870441225753240e+01,2.787774957705056789e+00
2.207277981806531031e+01,2.797104033083597230e+00
2.211694341069337355e+01,2.788978446693681335e+00
2.216119536658740685e+01,2.787210822982336911e+00
2.220553586254612455e+01,2.784966579687311317e+00
2.224996507572201310e+01,2.784333841745766147e+00
2.229448318362196702e+01,2.781063625649172977e+00
2.233909036410807758e+01,2.782088526214296476e+00
2.238378679539827942e+01,2.790602096868470383e+00
2.242857265606709660e+01,2.778559895537277225e+00
2.247344812504633893e+01,2.773258571647060577e+00
2.251841338162585160e+01,2.780689822461491101e+00
2.256346860545417243e+01,2.774714237381977533e+00
2.260861397653932059e+01,2.780367068677539244e+00
2.265384967524944670e+01,2.776264927738996580e+00
2.269917588231360028e+01,2.769837334031362008e+00
2.274459277882242603e+01,2.771329705737074267e+00
2.279010054622889925e+01,2.772816535685871386e+00
2.283569936634906483e+01,2.773980442112867095e+00
2.288138942136274778e+01,2.775685092992861147e+00
2.292717089381426021e+01,2.785788517807399778e+00
2.297304396661316872e+01,2.776424700691203729e+00
2.301900882303499785e+01,2.777522143568537327e+00
2.306506564672197257e+01,2.770886965378252853e+00
2.311121462168376439e+01,2.768946347120658125e+00
2.315745593229822674e+01,2.767036606580463687e+00
2.320378976331208065e+01,2.773502649876907089e+00
2.325021629984172122e+01,2.763507888477483299e+00
2.329673572737391396e+01,2.763226692034041143e+00
2.334334823176654083e+01,2.762601774831497270e+00
2.339005399924938189e+01,2.762055829228649007e+00
2.343685321642481512e+01,2.764346855271936576e+00
2.348374607026856964e+01,2.767910696912908808e+00
2.353073274813047178e+01,2.771879893916132431e+00
2.357781343773521954e+01,2.761904840592222854e+00
2.362498832718308250e+01,2.779541492757428678e+00
2.367225760495072606e+01,2.761544893343351958e+00
2.371962145989191129e+01,2.756483774009553134e+00
2.376708008123824456e+01,2.755861009249029436e+00
2.381463365859995207e+01,2.769098377686092238e+00
2.386228238196664364e+01,2.764469190836509327e+00
2.391002644170805524e+01,2.767713190152727876e+00
2.395786602857482706e+01,2.754829417622159493e+00
2.400580133369927083e+01,2.741207172331785902e+00
2.405383254859609110e+01,2.738858577724411436e+00
2.410195986516318811e+01,2.738266316379988741e+00
2.415018347568241097e+01,2.735769122013985921e+00
2.419850357282032505e+01,2.734549614328271705e+00
2.424692034962900777e+01,2.733649345530105634e+00
2.429543399954679472e+01,2.731685840786695518e+00
2.434404471639903988e+01,2.729730826122320764e+00
2.439275269439891503e+01,2.727615002617128859e+00
2.444155812814816997e+01,2.725053471014349249e+00
2.449046121263791420e+01,2.722241482438532145e+00
2.453946214324941621e+01,2.720251840965964174e+00
2.458856111575487446e+01,2.718265775047337129e+00
2.463775832631815987e+01,2.717940563431340717e+00
2.468705397149564718e+01,2.716368657494252936e+00
2.473644824823698229e+01,2.713947445976024664e+00
2.478594135388586395e+01,2.711337105719914042e+00
2.483553348618085721e+01,2.708099127558714514e+00
2.488522484325617157e+01,2.705085695972233584e+00
2.493501562364241764e+01,2.704555881130663142e+00
2.498490602626744561e+01,2.716649878543633267e+00
2.503489625045712330e+01,2.698948814363153925e+00
2.508498649593611773e+01,2.709950005338392032e+00
2.513517696282873715e+01,2.701645605174100684e+00
2.518546785165969837e+01,2.696372030788719787e+00
2.523585936335490842e+01,2.692016938659843817e+00
2.528635169924230297e+01,2.674375405446232090e+00
2.533694506105263855e+01,2.677650346662747705e+00
2.538763965092028130e+01,2.680389555999502349e+00
2.543843567138406314e+01,2.665244082932787695e+00
2.548933332538805274e+01,2.662620475308338452e+00
2.554033281628235130e+01,2.660475758418257453e+00
2.559143434782394166e+01,2.659167407067972277e+00
2.564263812417747701e+01,2.656786039658657117e+00
2.569394434991610510e+01,2.655312787282278375e+00
2.574535323002230669e+01,2.654452143128192443e+00
2.579686496988869493e+01,2.652794783439801574e+00
2.584847977531881114e+01,2.651846840343087486e+00
2.590019785252798812e+01,2.651406483988156371e+00
2.595201940814415664e+01,2.665184342226891712e+00
2.600394464920864834e+01,2.665881078179679342e+00
2.605597378317709101e+01,2.660078412028626271e+00
2.610810701792017596e+01,2.649126366216977502e+00
2.616034456172449651e+01,2.649292916937414422e+00
2.621268662329338639e+01,2.649446663852256023e+00
2.626513341174776528e+01,2.652325103248686755e+00
2.631768513662695241e+01,2.651013613140691394e+00
2.637034200788955118e+01,2.652117303566484008e+00
2.642310423591420587e+01,2.656807288858986649e+00
2.647597203150054668e+01,2.653330908007841327e+00
2.652894560586992156e+01,2.655337801574122025e+00
2.658202517066631998e+01,2.678084570331705550e+00
2.663521093795717221e+01,2.664136789798649207e+00
2.668850312023426596e+01,2.674274465455603877e+00
2.674190193041447472e+01,2.654219332053223024e+00
2.679540758184075600e+01,2.650270328622120974e+00
2.684902028828286547e+01,2.648968452164933929e+00
2.690274026393830198e+01,2.649461536413982188e+00
2.695656772343311403e+01,2.648860463725468684e+00
2.701050288182281989e+01,2.662021549566995215e+00
2.706454595459316792e+01,2.659862354685884167e+00
2.711869715766111355e+01,2.648959063812242221e+00
2.717295670737557600e+01,2.647289672615954270e+00
2.722732482051836911e+01,2.645868323714021475e+00
2.728180171430502554e+01,2.644974525774402618e+00
2.733638760638573117e+01,2.644261505138969959e+00
2.739108271484609958e+01,2.643772219477382723e+00
2.744588725820814190e+01,2.643993385354848513e+00
2.750080145543105559e+01,2.644317382109848680e+00
2.755582552591214807e+01,2.648206231025119095e+00
2.761095968948768586e+01,2.646182094559830666e+00
2.766620416643382541e+01,2.647445361288449650e+00
2.772155917746740883e+01,2.647107808453989186e+00
2.777702494374694098e+01,2.646516924407313009e+00
2.783260168687338520e+01,2.646896973991204938e+00
2.788828962889109775e+01,2.657992110471284253e+00
2.794408899228869814e+01,2.643575623861890822e+00
2.800000000000000000e+01,2.641609566711972779e+00
